1621959775
1621959775
1621959775
1621959775
1621959775
1621959775
1621959775
1621959775
1621959775
1621959775
1621959775
1621959775
1621959775
1621959775
1621959775
1621959775
1621959775
1621959775
1621959775
1621959775
1621959775
1621959775
1621959775
1621959775
1621959775
1621959775
1621959775
1621959775
1621959775
1621959775
1621959775
1621959775
1621959775
1621959775
1621959775
1621959775
1621959775
1621959775
1621959775
1621959775
1621959775
1621959775
1621959775
1621959775
1621959775
1621959775
1621959775
1621959775
1621959775
1621959775
1621959775
1621959775
1621959775
1621959775
1621959775
1621959775
1621959775
1621959775
1621959775
1621959775
1621959776
1621959776
1621959780
1621959780
1621959785
1621959785
1621959786
1621959786
1621959786
1621959792
1621959794
1621959802
1621959818
1621959872
1621959873
1621959880
1621959888
1621959927
1621959945
1621959945
1621959995
1621959995
1621959995
1621959996
1621959996
1621959997
1621959997
1621959998
1621959998
1621960036
1621960052
1621960053
1621960110
1621960110
1621960111
1621960111
1621960112
1621960131
1621960132
1621960132
1621960143
1621960239
1621960239
1621960242
1621960250
1621960251
1621960266
1621960268
1621960268
1621960275
1621960275
1621960276
1621960287
1621960289
1621960314
1621960330
1621960331
1621960334
1621960335
1621960356
1621960376
1621960396
1621960396
1621960403
1621960418
1621960422
1621960439
1621960439
1621960439
1621960439
1621960440
1621960442
1621960442
1621960442
1621960445
1621960445
1621960445
1621960454
1621960454
1621960474
1621960474
1621960479
1621960482
1621960482
1621960499
1621960509
1621960522
1621960522
1621960522
1621960531
1621960596
1621960596
1621960707
1621960790
1621960790
1621960790
1621960833
1621960833
1621960879
1621960879
1621960962
1621960975
1621960998
1621961019
1621961019
1621961020
1621961032
1621961032
1621961049
1621961050
1621961050
1621961091
1621961091
1621961091
1621961093
1621961132
1621961133
1621961134
1621961134
1621961193
1621961193
1621961194
1621961194
1621961253
1621961260
1621961261
1621961262
1621961286
1621961357
1621961357
1621961358
1621961359
1621961445
1621961446
1621961453
1621961454
1621961454
1621961493
1621961523
1621961530
1621961530
1621961546
1621961546
1621961562
1621961604
1621961604
1621961605
1621961620
1621961622
1621961624
1621961637
1621961637
1621961653
1621961656
1621961664
1621961665
1621961672
1621961682
1621961682
1621961684
1621961685
1621961686
1621961688
1621961714
1621961715
1621961715
1621961716
1621961719
1621961719
1621961721
1621961722
1621961723
1621961724
1621961725
1621961775
1621961775
1621961776
1621961881
1621961882
1621961883
1621961884
1621961896
1621961897
1621961907
1621961907
1621961929
1621961953
1621961953
1621961953
1621961962
1621961962
1621961967
1621961976
1621961988
1621961989
1621961989
1621962065
1621962065
1621962095
1621962095
1621962107
1621962107
1621962108
1621962108
1621962108
1621962108
1621962109
1621962109
1621962109
1621962110
1621962128
1621962128
1621962129
1621962129
1621962131
1621962131
1621962135
1621962140
1621962146
1621962147
1621962149
1621962149
1621962149
1621962150
1621962171
1621962171
1621962172
1621962182
1621962186
1621962186
1621962186
1621962187
1621962201
1621962205
1621962205
1621962205
1621962219
1621962280
1621962290
1621962291
1621962291
1621962310
1621962322
1621962330
1621962333
1621962333
1621962334
1621962338
1621962339
1621962355
1621962359
1621962378
1621962378
1621962382
1621962383
1621962383
1621962399
1621962483
1621962513
1621962539
1621962539
1621962543
1621962544
1621962544
1621962544
1621962603
1621962603
1621962611
1621962611
1621962620
1621962620
1621962621
1621962626
1621962627
1621962629
1621962629
1621962629
1621962736
1621962764
1621962827
1621962827
1621962841
1621962841
1621962841
1621962875
1621962875
1621962879
1621962879
1621962888
1621962951
1621962952
1621963015
1621963015
1621963037
1621963056
1621963073
1621963073
1621963074
1621963074
1621963075
1621963075
1621963100
1621963153
1621963153
1621963184
1621963184
1621963184
1621963239
1621963240
1621963263
1621963271
1621963271
1621963307
1621963307
1621963326
1621963327
1621963327
1621963327
1621963327
1621963361
1621963363
1621963364
1621963369
1621963369
1621963370
1621963370
1621963370
1621963371
1621963388
1621963451
1621963465
1621963465
1621963465
1621963488
1621963514
1621963515
1621963515
1621963518
1621963595
1621963619
1621963620
1621963652
1621963653
1621963659
1621963662
1621963663
1621963801
1621963801
1621963801
1621963808
1621963809
1621963809
1621963892
1621963939
1621963998
1621964000
