1621959731
1621959741
1621959746
1621959791
1621959796
1621959797
1621959810
1621959811
1621959841
1621959843
1621959864
1621959867
1621959869
1621959879
1621959898
1621959906
1621959912
1621959921
1621959924
1621959944
1621959946
1621959949
1621959959
1621959963
1621959976
1621959978
1621959979
1621959983
1621959989
1621960005
1621960023
1621960024
1621960024
1621960037
1621960041
1621960050
1621960056
1621960062
1621960086
1621960097
1621960107
1621960117
1621960121
1621960128
1621960131
1621960136
1621960143
1621960151
1621960153
1621960162
1621960165
1621960183
1621960185
1621960191
1621960203
1621960206
1621960217
1621960232
1621960235
1621960242
1621960245
1621960250
1621960258
1621960262
1621960270
1621960295
1621960297
1621960303
1621960316
1621960323
1621960345
1621960347
1621960352
1621960354
1621960377
1621960393
1621960395
1621960403
1621960406
1621960441
1621960448
1621960450
1621960464
1621960467
1621960468
1621960483
1621960487
1621960496
1621960499
1621960541
1621960550
1621960554
1621960565
1621960587
1621960610
1621960615
1621960623
1621960624
1621960630
1621960638
1621960641
1621960644
1621960655
1621960657
1621960659
1621960670
1621960681
1621960687
1621960696
1621960713
1621960721
1621960730
1621960752
1621960756
1621960763
1621960764
1621960770
1621960775
1621960782
1621960790
1621960793
1621960799
1621960805
1621960809
1621960813
1621960832
1621960854
1621960857
1621960866
1621960884
1621960887
1621960890
1621960895
1621960898
1621960900
1621960908
1621960919
1621960924
1621960930
1621960933
1621960934
1621960938
1621960942
1621960946
1621960954
1621960962
1621960972
1621960978
1621960981
1621960986
1621960994
1621960997
1621961003
1621961013
1621961027
1621961033
1621961043
1621961047
1621961064
1621961071
1621961112
1621961129
1621961130
1621961132
1621961137
1621961148
1621961173
1621961177
1621961186
1621961188
1621961192
1621961197
1621961215
1621961223
1621961224
1621961234
1621961260
1621961264
1621961275
1621961277
1621961303
1621961304
1621961311
1621961329
1621961425
1621961439
1621961446
1621961456
1621961486
1621961491
1621961495
1621961518
1621961526
1621961534
1621961539
1621961546
1621961588
1621961613
1621961618
1621961626
1621961630
1621961643
1621961651
1621961661
1621961667
1621961681
1621961689
1621961694
1621961711
1621961715
1621961719
1621961724
1621961730
1621961759
1621961762
1621961773
1621961795
1621961803
1621961805
1621961810
1621961818
1621961824
1621961828
1621961836
1621961841
1621961850
1621961877
1621961886
1621961887
1621961903
1621961904
1621961909
1621961920
1621961926
1621961935
1621961944
1621961948
1621961991
1621961992
1621962008
1621962014
1621962019
1621962025
1621962028
1621962037
1621962040
1621962048
1621962059
1621962062
1621962066
1621962070
1621962107
1621962113
1621962115
1621962119
1621962122
1621962139
1621962146
1621962159
1621962163
1621962187
1621962188
1621962193
1621962197
1621962213
1621962220
1621962224
1621962227
1621962242
1621962251
1621962255
1621962261
1621962264
1621962287
1621962295
1621962298
1621962310
1621962311
1621962324
1621962329
1621962334
1621962352
1621962359
1621962360
1621962365
1621962374
1621962380
1621962386
1621962394
1621962407
1621962410
1621962417
1621962432
1621962435
1621962438
1621962441
1621962449
1621962462
1621962471
1621962475
1621962484
1621962493
1621962501
1621962520
1621962524
1621962530
1621962535
1621962538
1621962543
1621962552
1621962557
1621962562
1621962589
1621962592
1621962595
1621962606
1621962609
1621962613
1621962620
1621962640
1621962652
1621962656
1621962658
1621962664
1621962667
1621962683
1621962686
1621962698
1621962712
1621962718
1621962728
1621962731
1621962738
1621962740
1621962741
1621962785
1621962795
1621962825
1621962893
1621962895
1621962930
1621962935
1621962939
1621962947
1621962957
1621962962
1621962970
1621963027
1621963038
1621963076
1621963080
1621963084
1621963109
1621963122
1621963137
1621963144
1621963150
1621963154
1621963159
1621963167
1621963172
1621963233
1621963242
1621963252
1621963268
1621963271
1621963289
1621963290
1621963359
1621963362
1621963370
1621963374
1621963390
1621963415
1621963418
1621963431
1621963431
1621963447
1621963449
1621963453
1621963457
1621963465
1621963469
1621963473
1621963503
1621963510
1621963515
1621963525
1621963547
1621963558
1621963563
1621963574
1621963582
1621963601
1621963604
1621963611
1621963652
1621963654
1621963697
1621963701
1621963717
1621963740
1621963742
1621963744
1621963763
1621963779
1621963857
1621963861
1621963862
1621963863
1621963900
1621963903
1621963929
1621963931
1621963945
1621963956
1621963974
1621964020
1621964070
1621964079
