1621960701
1621960882
1621960886
1621960887
1621960890
1621960898
1621960900
1621960903
1621960948
1621960952
1621960953
1621961013
1621961026
1621961028
1621961029
1621961211
1621961243
1621961246
1621961262
1621961268
1621961270
1621961271
1621961313
1621961321
1621961338
1621961341
1621961342
1621961343
1621961357
1621961358
1621961368
1621961369
1621961377
1621961387
1621961391
1621961391
1621961397
1621961422
1621961423
1621961424
1621961426
1621961427
1621961431
1621961435
1621961436
1621961437
1621961441
1621961445
1621961477
1621961497
1621961498
1621961502
1621961546
1621961547
1621961583
1621961597
1621961604
1621961604
1621961610
1621961613
1621961657
1621961664
1621961692
1621961695
1621961717
1621961718
1621961762
1621961766
1621961801
1621961807
1621961807
1621961813
1621961821
1621961830
1621961841
1621961875
1621961883
1621961884
1621961885
1621961902
1621961904
1621961905
1621961955
1621961959
1621961970
1621961971
1621961974
1621961976
1621961988
1621961990
1621961991
1621961992
1621962008
1621962010
1621962011
1621962016
1621962020
1621962024
1621962026
1621962028
1621962029
1621962030
1621962030
1621962031
1621962033
1621962034
1621962051
1621962054
1621962056
1621962058
1621962060
1621962064
1621962096
1621962097
1621962099
1621962101
1621962103
1621962107
1621962108
1621962121
1621962137
1621962166
1621962166
1621962187
1621962189
1621962195
1621962198
1621962201
1621962203
1621962215
1621962225
1621962227
1621962228
1621962282
1621962285
1621962329
1621962330
1621962332
1621962334
1621962335
1621962337
1621962341
1621962343
1621962344
1621962346
1621962346
1621962353
1621962355
1621962361
1621962362
1621962372
1621962374
1621962391
1621962394
1621962401
1621962431
1621962432
1621962482
1621962484
1621962491
1621962520
1621962525
1621962535
1621962552
1621962558
1621962559
1621962567
1621962595
1621962596
1621962607
1621962622
1621962624
1621962625
1621962640
1621962642
1621962651
1621962656
1621962657
1621962657
1621962658
1621962660
1621962662
1621962669
1621962675
1621962693
1621962696
1621962717
1621962719
1621962735
1621962736
1621962738
1621962788
1621962790
1621962914
1621962945
1621962952
1621963003
1621963028
1621963029
1621963039
1621963046
1621963048
1621963050
1621963051
1621963056
1621963081
1621963082
1621963085
1621963105
1621963105
1621963107
1621963108
1621963110
1621963111
1621963138
1621963173
1621963174
1621963175
1621963176
1621963207
1621963207
1621963213
1621963221
1621963225
1621963233
1621963238
1621963239
1621963239
1621963241
1621963241
1621963250
1621963253
1621963258
1621963260
1621963262
1621963289
1621963294
1621963296
1621963298
1621963301
1621963313
1621963314
1621963315
1621963321
1621963348
1621963374
1621963380
1621963382
1621963392
1621963393
1621963394
1621963403
1621963404
1621963405
1621963406
1621963408
1621963413
1621963432
1621963434
1621963443
1621963445
1621963458
1621963459
1621963471
1621963512
1621963548
1621963559
1621963581
1621963582
1621963584
1621963584
1621963585
1621963647
1621963647
1621963650
1621963653
1621963660
1621963693
1621963694
1621963695
1621963696
1621963706
1621963707
1621963718
1621963720
1621963724
1621963725
1621963726
1621963727
1621963727
1621963728
1621963729
1621963730
1621963751
1621963785
1621963791
1621963808
1621963814
1621963816
1621963818
1621963827
1621963830
1621963830
1621963831
1621963848
1621963865
1621963869
1621963873
1621963875
1621963878
1621963879
1621963886
1621963941
1621963950
1621963951
1621963966
1621963966
1621963967
1621963968
1621963969
1621963973
1621963983
1621964014
1621964015
1621964027
1621964033
1621964040
1621964040
1621964042
1621964045
1621964049
1621964141
1621964142
1621964161
1621964163
1621964167
1621964201
1621964205
1621964208
1621964209
1621964212
1621964213
1621964300
1621964302
1621964304
1621964308
1621964311
1621964320
1621964321
1621964323
1621964324
1621964345
1621964346
1621964428
1621964438
1621964470
1621964527
1621964534
1621964537
1621964540
1621964543
1621964546
1621964548
1621964550
1621964552
1621964554
1621964556
1621964571
1621964581
1621964585
1621964585
1621964586
1621964605
1621964606
1621964650
1621964655
1621964657
1621964707
1621964708
1621964715
1621964722
1621964729
1621964764
1621964765
1621964778
1621964794
1621964800
1621964813
1621964922
1621964961
1621964972
1621964989
1621964991
1621965038
1621965047
1621965069
1621965069
1621965069
1621965083
1621965084
1621965194
1621965200
1621965214
1621965214
1621965215
1621965215
1621965232
1621965233
1621965234
1621965234
1621965244
1621965253
1621965275
1621965295
1621965297
1621965301
1621965356
1621965357
1621965364
1621965366
1621965371
